              precision    recall  f1-score   support

           0       1.00      1.00      1.00        33
           1       1.00      0.99      1.00       416
           2       1.00      1.00      1.00       339
           3       1.00      1.00      1.00       169
           4       1.00      0.99      1.00       346
           5       0.97      0.98      0.98       316
           6       0.98      0.97      0.98       300
           7       1.00      1.00      1.00        67
           8       1.00      1.00      1.00      1095

    accuracy                           0.99      3081
   macro avg       0.99      0.99      0.99      3081
weighted avg       0.99      0.99      0.99      3081
